2 0.022108 0.505486 0.033898 0.064263
1 0.054164 0.536834 0.033161 0.073668
1 0.150332 0.604232 0.028003 0.064263
2 0.215181 0.879310 0.032424 0.075235
2 0.261238 0.402038 0.034635 0.064263
2 0.329035 0.403605 0.025792 0.067398
3 0.359985 0.401254 0.022845 0.094044
2 0.467207 0.170846 0.035372 0.072100
1 0.527634 0.290752 0.038320 0.067398
1 0.494473 0.428683 0.039794 0.076803
2 0.637067 0.249216 0.034635 0.068966
2 0.745026 0.317398 0.030951 0.070533
2 0.985262 0.133229 0.029477 0.056426
2 0.779661 0.659875 0.030951 0.065831
3 0.579219 0.827586 0.032424 0.072100
1 0.573324 0.622257 0.030951 0.075235
3 0.294399 0.102665 0.034635 0.064263
1 0.357038 0.081505 0.034635 0.081505
2 0.380619 0.498433 0.031688 0.075235
2 0.425203 0.394984 0.032424 0.084639
3 0.428887 0.866771 0.041268 0.068966
2 0.078482 0.958464 0.027266 0.042320
3 0.266028 0.934169 0.028003 0.056426
1 0.079956 0.399687 0.040531 0.062696
1 0.074429 0.456897 0.032424 0.054859
3 0.086957 0.159875 0.030951 0.094044
2 0.260501 0.266458 0.028740 0.068966
3 0.846352 0.050940 0.033161 0.061129
3 0.843405 0.110502 0.034635 0.051724
1 0.833825 0.173981 0.033161 0.059561
2 0.654385 0.495298 0.025055 0.062696
2 0.692336 0.504702 0.025792 0.053292
2 0.669492 0.543887 0.034635 0.059561
3 0.932940 0.761755 0.035372 0.068966
2 0.740236 0.766458 0.036109 0.068966
3 0.677966 0.735110 0.032424 0.065831
2 0.668386 0.633229 0.022108 0.068966
1 0.695652 0.648119 0.029477 0.079937
3 0.644805 0.792320 0.028003 0.057994
3 0.983788 0.974138 0.023581 0.051724
