1 0.160873 0.446656 0.027367 0.055732
2 0.200074 0.353503 0.031805 0.066879
2 0.292899 0.397293 0.031065 0.062102
3 0.306213 0.820860 0.032544 0.074841
2 0.428624 0.753185 0.019970 0.060510
2 0.462278 0.700637 0.025148 0.079618
2 0.451553 0.423567 0.030325 0.066879
3 0.424926 0.321656 0.027367 0.063694
3 0.441198 0.067675 0.037722 0.084395
2 0.660503 0.798567 0.025148 0.062102
2 0.835429 0.837580 0.033284 0.079618
2 0.932692 0.956210 0.028107 0.052548
3 0.803254 0.488057 0.031065 0.081210
4 0.612426 0.499204 0.016272 0.074841
3 0.591346 0.500000 0.015533 0.063694
