2 0.159057 0.027955 0.035346 0.052716
3 0.035714 0.035144 0.024300 0.051118
2 0.197717 0.594249 0.039028 0.070288
2 0.315538 0.312300 0.030191 0.068690
2 0.107879 0.522364 0.031664 0.079872
3 0.135862 0.831470 0.028719 0.071885
3 0.205817 0.936901 0.024300 0.078275
3 0.234168 0.948083 0.025037 0.043131
3 0.247054 0.896965 0.030191 0.052716
3 0.337629 0.924920 0.025773 0.057508
3 0.314065 0.785942 0.022828 0.057508
3 0.328792 0.834665 0.030191 0.052716
4 0.303019 0.863419 0.033137 0.052716
2 0.264728 0.477636 0.034610 0.079872
2 0.399853 0.761981 0.029455 0.051118
2 0.529823 0.218850 0.022828 0.076677
2 0.505155 0.227636 0.025037 0.068690
3 0.507364 0.295527 0.041237 0.057508
2 0.667526 0.190895 0.030191 0.059105
3 0.743741 0.285144 0.029455 0.068690
3 0.629602 0.711661 0.017673 0.049521
3 0.650221 0.738818 0.022091 0.052716
3 0.632548 0.654153 0.022091 0.065495
3 0.631811 0.518371 0.027982 0.062300
3 0.773564 0.488818 0.034610 0.083067
2 0.916421 0.645367 0.034610 0.076677
3 0.930781 0.769968 0.026510 0.073482
3 0.987113 0.546326 0.025773 0.060703
2 0.733432 0.487220 0.026510 0.060703
2 0.702504 0.476038 0.027982 0.086262
3 0.472386 0.410543 0.028719 0.057508
2 0.466863 0.097444 0.029455 0.054313
3 0.435935 0.079872 0.022091 0.047923
2 0.360088 0.049521 0.025037 0.057508
2 0.397644 0.129393 0.023564 0.051118
0 0.393962 0.075879 0.017673 0.055911
3 0.369293 0.107827 0.025773 0.033546
2 0.543814 0.392173 0.033137 0.071885
2 0.434094 0.210064 0.034610 0.071885
1 0.987850 0.402556 0.024300 0.060703
3 0.872975 0.543930 0.033137 0.084665
2 0.794551 0.822684 0.020619 0.067093
3 0.800810 0.904153 0.025773 0.060703
2 0.814801 0.853035 0.030191 0.047923
3 0.830265 0.911342 0.034610 0.068690
2 0.668999 0.907348 0.028719 0.083067
2 0.587997 0.656550 0.031664 0.079872
3 0.883284 0.904952 0.021355 0.068690
3 0.786451 0.978435 0.038292 0.043131
2 0.699190 0.678914 0.027246 0.079872
2 0.124080 0.703674 0.034610 0.046326
4 0.046760 0.742812 0.031664 0.054313
3 0.077688 0.824281 0.025773 0.051118
4 0.049337 0.849042 0.036819 0.065495
2 0.054492 0.789936 0.038292 0.046326
2 0.145434 0.936901 0.024300 0.062300
3 0.118557 0.932907 0.026510 0.073482
2 0.385862 0.343450 0.026510 0.051118
2 0.363402 0.301118 0.019882 0.071885
3 0.924153 0.105431 0.027982 0.051118
3 0.896907 0.139776 0.030928 0.065495
