3 0.026706 0.145136 0.028190 0.076555
1 0.106825 0.175439 0.029674 0.041467
3 0.229228 0.184211 0.026706 0.094099
2 0.200668 0.785486 0.028932 0.049442
2 0.415059 0.102073 0.031899 0.092504
3 0.416914 0.864434 0.032641 0.073365
3 0.712908 0.342903 0.034125 0.066986
3 0.820104 0.196970 0.036350 0.065391
2 0.683605 0.077352 0.037834 0.081340
3 0.677671 0.295853 0.030415 0.065391
4 0.597181 0.354067 0.038576 0.076555
3 0.603487 0.448963 0.030415 0.065391
2 0.518917 0.598884 0.025964 0.078150
2 0.544881 0.592504 0.025964 0.071770
3 0.607938 0.539075 0.030415 0.063796
3 0.644659 0.458533 0.029674 0.087719
2 0.770772 0.455343 0.031157 0.100478
3 0.784125 0.544657 0.032641 0.065391
2 0.880935 0.370813 0.028932 0.065391
3 0.872033 0.185008 0.034866 0.095694
4 0.636128 0.125997 0.045252 0.076555
3 0.452893 0.046252 0.025964 0.066986
3 0.294881 0.244817 0.028932 0.084530
4 0.467359 0.707337 0.029674 0.078150
3 0.990356 0.483254 0.019288 0.051037
