3 0.088235 0.944179 0.036765 0.079745
4 0.154412 0.814195 0.029412 0.074960
3 0.170956 0.736842 0.028676 0.066986
3 0.409559 0.822967 0.036765 0.054226
2 0.283456 0.456140 0.034559 0.051037
4 0.282721 0.396332 0.024265 0.062201
3 0.345956 0.429027 0.027206 0.073365
3 0.404779 0.074163 0.031618 0.062201
4 0.280515 0.093301 0.034559 0.052632
3 0.097794 0.133174 0.030882 0.049442
4 0.155515 0.399522 0.027206 0.055821
3 0.124632 0.354864 0.030147 0.049442
4 0.105147 0.283094 0.035294 0.052632
2 0.011397 0.314992 0.021324 0.068581
3 0.602941 0.966507 0.039706 0.060606
3 0.865809 0.457735 0.030147 0.047847
2 0.872059 0.519936 0.030882 0.063796
4 0.776838 0.602871 0.046324 0.070175
3 0.562868 0.491228 0.025735 0.063796
3 0.563235 0.550239 0.035294 0.066986
3 0.478676 0.360447 0.025000 0.070175
4 0.456985 0.332536 0.016912 0.068581
3 0.602206 0.484848 0.023529 0.076555
4 0.632353 0.518341 0.025000 0.063796
3 0.648897 0.386762 0.031618 0.065391
2 0.654412 0.443381 0.033824 0.041467
4 0.700000 0.429027 0.023529 0.066986
4 0.673162 0.222488 0.024265 0.071770
3 0.793015 0.383573 0.018382 0.071770
3 0.745221 0.330941 0.021324 0.065391
3 0.771324 0.315789 0.019118 0.070175
3 0.981985 0.244019 0.028676 0.089314
3 0.878309 0.240829 0.050735 0.089314
4 0.936397 0.381978 0.031618 0.049442
3 0.123897 0.560606 0.027206 0.046252
3 0.137132 0.622010 0.030147 0.060606
3 0.205882 0.619617 0.023529 0.055821
