3 0.493407 0.283677 0.034432 0.060222
3 0.442491 0.214739 0.041026 0.058637
4 0.352015 0.346276 0.037363 0.058637
3 0.364469 0.847861 0.034432 0.060222
3 0.841026 0.946910 0.024908 0.080824
3 0.015751 0.176704 0.030037 0.055468
2 0.082784 0.858162 0.032234 0.061807
4 0.075458 0.967512 0.030769 0.064976
4 0.228938 0.692552 0.024176 0.060222
3 0.583883 0.662441 0.035165 0.053883
3 0.500733 0.936609 0.032967 0.069731
4 0.536264 0.910460 0.026374 0.077655
2 0.253480 0.761490 0.041026 0.042789
4 0.264469 0.706815 0.036630 0.034865
3 0.050916 0.277338 0.037363 0.038035
3 0.112088 0.499208 0.027839 0.057052
3 0.146154 0.517433 0.031502 0.061807
4 0.194872 0.480983 0.033700 0.055468
3 0.252015 0.247227 0.019048 0.057052
3 0.224176 0.192552 0.030769 0.055468
3 0.679121 0.265452 0.036630 0.055468
3 0.794872 0.543582 0.035165 0.057052
3 0.893407 0.565769 0.030037 0.060222
2 0.880220 0.484945 0.027106 0.066561
4 0.287546 0.557845 0.019780 0.063391
3 0.265568 0.547544 0.015385 0.049128
4 0.028938 0.686212 0.027106 0.060222
2 0.490110 0.612520 0.042491 0.039620
2 0.759341 0.351823 0.031502 0.066561
4 0.950916 0.251189 0.023443 0.042789
4 0.706960 0.936609 0.038095 0.044374
3 0.706960 0.978605 0.024908 0.030111
3 0.638828 0.801902 0.026374 0.044374
3 0.620513 0.877971 0.039560 0.057052
4 0.639927 0.751189 0.037363 0.047544
3 0.243590 0.560222 0.021245 0.049128
2 0.179121 0.558637 0.025641 0.033281
4 0.178022 0.524564 0.029304 0.038035
2 0.014652 0.950872 0.014652 0.057052
4 0.381319 0.221078 0.028571 0.045959
4 0.378388 0.282092 0.025641 0.057052
3 0.490110 0.166403 0.036630 0.060222
3 0.622344 0.166403 0.025641 0.085578
3 0.596703 0.130745 0.018315 0.061807
4 0.573626 0.136292 0.020513 0.066561
3 0.687179 0.455626 0.024908 0.045959
4 0.700366 0.510301 0.033700 0.034865
