1 0.118934 0.874797 0.043755 0.074797
3 0.108592 0.485366 0.038982 0.076423
3 0.085919 0.643089 0.038186 0.069919
2 0.237868 0.520325 0.033413 0.065041
4 0.208831 0.591057 0.037391 0.076423
2 0.310263 0.367480 0.033413 0.071545
2 0.287987 0.572358 0.033413 0.078049
2 0.250597 0.362602 0.036595 0.065041
1 0.223548 0.321951 0.033413 0.061789
3 0.166269 0.217886 0.036595 0.071545
2 0.503580 0.234146 0.035004 0.074797
3 0.478123 0.495122 0.042959 0.079675
3 0.537788 0.464228 0.033413 0.092683
2 0.565235 0.422764 0.038982 0.068293
2 0.731504 0.160976 0.042164 0.094309
3 0.731106 0.524390 0.038186 0.069919
3 0.957041 0.626016 0.033413 0.081301
1 0.398170 0.913008 0.042164 0.069919
2 0.626094 0.960976 0.039777 0.078049
2 0.676213 0.945528 0.041368 0.073171
1 0.665871 0.872358 0.039777 0.076423
4 0.636834 0.113821 0.035800 0.084553
2 0.736675 0.752033 0.035004 0.069919
3 0.918457 0.258537 0.043755 0.074797
2 0.909308 0.134959 0.033413 0.061789
2 0.979316 0.215447 0.025457 0.076423
3 0.926810 0.088618 0.033413 0.047154
3 0.551313 0.826016 0.030231 0.065041
4 0.524662 0.827642 0.029435 0.065041
1 0.519093 0.934959 0.043755 0.061789
2 0.502784 0.874797 0.035004 0.058537
