1 0.183110 0.623366 0.036306 0.070261
3 0.511050 0.695261 0.037096 0.080065
4 0.652723 0.517157 0.033149 0.070261
1 0.933702 0.516340 0.034728 0.088235
1 0.732044 0.659314 0.037096 0.070261
3 0.700474 0.352941 0.044988 0.071895
3 0.645225 0.410131 0.032360 0.081699
4 0.344120 0.584967 0.039463 0.058824
2 0.325967 0.371732 0.037885 0.066993
4 0.456985 0.222222 0.037885 0.091503
1 0.522099 0.340686 0.043410 0.086601
3 0.518942 0.552288 0.030781 0.098039
2 0.395817 0.477941 0.038674 0.076797
2 0.363852 0.811275 0.037885 0.089869
1 0.299526 0.869281 0.027624 0.065359
1 0.346093 0.915033 0.026046 0.065359
2 0.023283 0.059641 0.032360 0.089869
3 0.193765 0.089052 0.033938 0.073529
3 0.192581 0.405229 0.031571 0.104575
1 0.471192 0.498366 0.036306 0.068627
3 0.758485 0.300654 0.041042 0.078431
3 0.038674 0.938725 0.041042 0.063725
0 0.322415 0.959967 0.032360 0.053922
3 0.285320 0.280229 0.037096 0.093137
1 0.969219 0.885621 0.036306 0.058824
3 0.965667 0.821895 0.033938 0.062092
