2 0.031416 0.149109 0.035579 0.081037
1 0.083649 0.127229 0.034065 0.089141
3 0.117335 0.253647 0.037850 0.085900
3 0.191522 0.168558 0.034822 0.081037
1 0.275549 0.418963 0.040878 0.098865
3 0.183573 0.407618 0.031037 0.079417
3 0.351249 0.538088 0.036336 0.068071
3 0.464042 0.486224 0.036336 0.087520
2 0.211582 0.673420 0.035579 0.072934
2 0.107116 0.829822 0.041635 0.087520
1 0.321347 0.953809 0.035579 0.092382
3 0.464799 0.840357 0.034822 0.085900
3 0.585163 0.670989 0.027252 0.087520
2 0.342544 0.871151 0.031037 0.076175
3 0.319076 0.508104 0.037093 0.069692
3 0.762301 0.683955 0.027252 0.077796
0 0.915594 0.901135 0.037093 0.077796
3 0.781226 0.944895 0.039364 0.068071
2 0.838002 0.770665 0.037850 0.066451
2 0.892506 0.429498 0.028766 0.077796
3 0.861847 0.384117 0.026495 0.064830
2 0.796745 0.788493 0.029523 0.076175
1 0.450038 0.138574 0.037093 0.082658
2 0.381908 0.918963 0.023467 0.061588
2 0.398940 0.881686 0.024224 0.048622
3 0.968206 0.748784 0.028766 0.058347
2 0.969720 0.681524 0.031794 0.063209
2 0.825132 0.594814 0.030280 0.058347
2 0.557911 0.338736 0.034822 0.081037
2 0.576457 0.264182 0.035579 0.068071
2 0.566995 0.515397 0.024224 0.055105
2 0.564345 0.454619 0.026495 0.053485
2 0.826646 0.942464 0.025738 0.059968
