2 0.065007 0.337061 0.037890 0.076677
1 0.072065 0.182109 0.041605 0.086262
3 0.189079 0.348243 0.036404 0.076677
2 0.231798 0.145367 0.019316 0.067093
2 0.258544 0.134185 0.031204 0.057508
1 0.340267 0.046326 0.032689 0.079872
2 0.348068 0.155751 0.043834 0.071885
2 0.378529 0.027157 0.043834 0.044728
3 0.397845 0.297923 0.031947 0.071885
2 0.430906 0.339457 0.020802 0.071885
2 0.420134 0.388179 0.046805 0.060703
2 0.571694 0.105431 0.027489 0.070288
2 0.606241 0.317891 0.038633 0.067093
2 0.219911 0.644569 0.029718 0.071885
2 0.229569 0.460863 0.037147 0.065495
2 0.209138 0.961661 0.033432 0.076677
3 0.340639 0.840256 0.028975 0.076677
2 0.420877 0.611022 0.028975 0.075080
3 0.492571 0.726038 0.034175 0.081470
2 0.320208 0.570288 0.023774 0.060703
2 0.343611 0.630192 0.027489 0.094249
2 0.398217 0.654952 0.025260 0.054313
1 0.277117 0.831470 0.032689 0.071885
3 0.651560 0.928115 0.025260 0.057508
1 0.669391 0.897764 0.026746 0.070288
2 0.968053 0.924920 0.034175 0.073482
3 0.942422 0.752396 0.023031 0.060703
2 0.626672 0.150958 0.040862 0.065495
3 0.630386 0.065495 0.030461 0.067093
2 0.667905 0.063898 0.032689 0.086262
3 0.684621 0.209265 0.033432 0.073482
2 0.810178 0.276358 0.034918 0.060703
2 0.913819 0.087859 0.031204 0.079872
2 0.956538 0.043930 0.028975 0.062300
2 0.726226 0.881789 0.037890 0.073482
2 0.644874 0.761182 0.031204 0.065495
3 0.695394 0.545527 0.022288 0.062300
3 0.594354 0.222843 0.031204 0.059105
3 0.774517 0.852236 0.042348 0.078275
2 0.960253 0.526358 0.040862 0.062300
3 0.614413 0.596645 0.026746 0.075080
3 0.650817 0.649361 0.032689 0.075080
