2 0.099189 0.275120 0.036136 0.065391
1 0.221239 0.413876 0.032448 0.068581
2 0.226401 0.759171 0.041298 0.060606
1 0.760324 0.930622 0.033923 0.065391
1 0.706490 0.885965 0.033923 0.046252
2 0.657448 0.952951 0.027286 0.094099
2 0.665192 0.844498 0.026549 0.087719
3 0.772861 0.562201 0.039823 0.074960
2 0.636062 0.623604 0.033186 0.092504
3 0.238569 0.232057 0.033186 0.078150
2 0.520649 0.347687 0.032448 0.060606
3 0.457596 0.340510 0.030236 0.065391
3 0.116519 0.374801 0.026549 0.066986
3 0.174779 0.597289 0.035398 0.081340
2 0.045354 0.223285 0.025811 0.066986
2 0.014012 0.332536 0.026549 0.084530
2 0.182522 0.881978 0.027286 0.057416
2 0.177729 0.938596 0.047198 0.065391
3 0.254425 0.540670 0.025074 0.092504
2 0.365782 0.870016 0.038348 0.068581
2 0.258481 0.055024 0.036136 0.055821
2 0.264381 0.119617 0.030236 0.054226
4 0.271018 0.700957 0.030236 0.052632
2 0.349189 0.597289 0.030236 0.081340
2 0.352507 0.716906 0.028024 0.052632
2 0.327434 0.729665 0.029499 0.065391
3 0.390487 0.124402 0.025811 0.102073
3 0.498894 0.136364 0.034661 0.081340
2 0.589233 0.397927 0.033923 0.078150
3 0.442109 0.449761 0.024336 0.044657
2 0.468289 0.422648 0.029499 0.070175
1 0.392330 0.580542 0.028024 0.066986
2 0.401180 0.448166 0.026549 0.060606
1 0.374631 0.530303 0.025074 0.033493
2 0.361726 0.467305 0.027286 0.066986
3 0.532448 0.606858 0.029499 0.059011
2 0.501106 0.588517 0.028761 0.054226
0 0.583702 0.200957 0.027286 0.089314
3 0.665929 0.368421 0.032448 0.079745
1 0.711283 0.546252 0.039086 0.094099
3 0.536136 0.725678 0.029499 0.054226
1 0.554572 0.784689 0.032448 0.070175
3 0.508850 0.766348 0.020649 0.062201
2 0.501844 0.838118 0.040560 0.068581
3 0.807153 0.358852 0.025811 0.063796
2 0.968289 0.519936 0.039823 0.079745
2 0.895649 0.767145 0.039086 0.082935
2 0.680310 0.662679 0.036136 0.078150
3 0.753319 0.137959 0.027286 0.074960
2 0.964971 0.047847 0.028761 0.089314
1 0.906711 0.081340 0.039086 0.076555
2 0.852876 0.427432 0.031711 0.057416
3 0.847345 0.356459 0.035398 0.055821
