1 0.388806 0.050000 0.032836 0.070968
3 0.234701 0.476613 0.045522 0.062903
2 0.195522 0.520968 0.031343 0.064516
2 0.382463 0.366129 0.026119 0.064516
3 0.407463 0.400000 0.025373 0.070968
2 0.107090 0.128226 0.027612 0.062903
1 0.125000 0.186290 0.027612 0.088710
3 0.186567 0.187097 0.031343 0.087097
2 0.019776 0.475806 0.032090 0.061290
1 0.096269 0.657258 0.032836 0.059677
2 0.154478 0.845161 0.023881 0.045161
2 0.141791 0.783871 0.022388 0.083871
2 0.523134 0.872581 0.023881 0.067742
1 0.550373 0.870968 0.021642 0.080645
1 0.757090 0.945968 0.045522 0.085484
2 0.794030 0.737903 0.041791 0.069355
1 0.844030 0.575000 0.028358 0.079032
2 0.664552 0.703226 0.029104 0.067742
1 0.698134 0.675000 0.026119 0.075806
2 0.635448 0.535484 0.036567 0.061290
1 0.637313 0.436290 0.038806 0.075806
2 0.663060 0.232258 0.030597 0.067742
2 0.641418 0.286290 0.029104 0.043548
2 0.654851 0.336290 0.023134 0.069355
2 0.678358 0.361290 0.029851 0.064516
2 0.727239 0.410484 0.039552 0.072581
2 0.760075 0.476613 0.029104 0.062903
1 0.892537 0.208871 0.040299 0.072581
3 0.885821 0.126613 0.037313 0.062903
3 0.787313 0.201613 0.022388 0.087097
2 0.818657 0.176613 0.026866 0.053226
2 0.850000 0.271774 0.022388 0.066129
1 0.823881 0.266129 0.020896 0.054839
2 0.812313 0.229839 0.023134 0.053226
2 0.790299 0.498387 0.019403 0.070968
2 0.815672 0.514516 0.028358 0.080645
1 0.808209 0.438710 0.035821 0.067742
3 0.337687 0.895161 0.030597 0.080645
2 0.346642 0.482258 0.020149 0.067742
2 0.319403 0.483871 0.035821 0.061290
3 0.100746 0.444355 0.028358 0.056452
3 0.097761 0.495968 0.032836 0.046774
