2 0.136600 0.049600 0.034150 0.073600
2 0.240535 0.246400 0.026726 0.060800
2 0.175575 0.577600 0.028953 0.070400
3 0.207127 0.553600 0.028211 0.060800
2 0.167038 0.952800 0.025241 0.075200
2 0.194506 0.940000 0.025241 0.068800
2 0.265033 0.964800 0.043059 0.060800
3 0.225687 0.700000 0.037120 0.062400
2 0.374907 0.612000 0.034150 0.072000
3 0.377877 0.734400 0.032665 0.070400
4 0.271344 0.780800 0.030438 0.064000
4 0.281737 0.848000 0.048255 0.051200
3 0.473274 0.728000 0.028953 0.067200
2 0.016333 0.626400 0.029696 0.072000
0 0.307350 0.377600 0.026726 0.051200
3 0.116927 0.305600 0.033408 0.051200
1 0.121381 0.254400 0.025984 0.060800
2 0.059762 0.210400 0.036377 0.078400
2 0.212695 0.144800 0.042316 0.084800
4 0.291759 0.243200 0.031180 0.064000
4 0.217520 0.343200 0.034150 0.068800
3 0.323682 0.480800 0.037120 0.062400
3 0.036377 0.556800 0.017817 0.044800
3 0.055679 0.525600 0.026726 0.056000
3 0.400520 0.828000 0.031923 0.065600
2 0.512992 0.536000 0.035635 0.073600
2 0.364885 0.238400 0.028953 0.060800
2 0.391982 0.201600 0.029696 0.064000
2 0.462880 0.844000 0.039347 0.056000
3 0.471418 0.952000 0.025241 0.048000
3 0.497030 0.956000 0.024499 0.046400
3 0.479955 0.900000 0.030438 0.052800
2 0.509651 0.768000 0.021529 0.038400
3 0.525612 0.810400 0.023756 0.052800
2 0.596882 0.824000 0.029696 0.086400
4 0.557535 0.664000 0.031180 0.073600
1 0.571641 0.496000 0.038604 0.064000
2 0.595768 0.712000 0.030438 0.070400
2 0.692279 0.420000 0.040831 0.072000
4 0.512621 0.052800 0.030438 0.080000
3 0.541203 0.060800 0.026726 0.096000
2 0.609503 0.312000 0.040089 0.060800
3 0.691908 0.148000 0.031180 0.088000
2 0.761321 0.099200 0.021529 0.060800
2 0.779139 0.078400 0.014105 0.060800
3 0.802153 0.077600 0.027468 0.081600
3 0.853378 0.095200 0.036377 0.075200
1 0.808834 0.236800 0.036377 0.070400
3 0.756867 0.830400 0.030438 0.076800
3 0.787305 0.834400 0.033408 0.068800
2 0.837045 0.660000 0.034892 0.059200
3 0.870824 0.699200 0.028211 0.060800
3 0.827023 0.460800 0.031180 0.067200
2 0.977357 0.412000 0.023014 0.059200
2 0.980327 0.469600 0.037862 0.056000
