3 0.163844 0.905104 0.030191 0.062201
2 0.148012 0.803030 0.022091 0.055821
2 0.128130 0.836523 0.029455 0.046252
2 0.095361 0.847687 0.034610 0.078150
3 0.124080 0.724880 0.030191 0.052632
3 0.020250 0.591707 0.036082 0.051037
3 0.023196 0.527113 0.036082 0.062201
3 0.035346 0.194577 0.023564 0.073365
2 0.060383 0.211324 0.022091 0.036683
2 0.076951 0.118820 0.031664 0.049442
3 0.067747 0.161882 0.027982 0.043062
3 0.100147 0.169856 0.030928 0.052632
3 0.351988 0.016746 0.020619 0.030303
2 0.328056 0.088517 0.041973 0.059011
2 0.192563 0.301435 0.028719 0.073365
3 0.253682 0.358852 0.025773 0.060606
3 0.228645 0.334928 0.022828 0.073365
3 0.219809 0.390750 0.030191 0.035088
2 0.248159 0.433812 0.025037 0.054226
2 0.224963 0.448166 0.030191 0.060606
2 0.212077 0.499203 0.027982 0.041467
4 0.185935 0.478469 0.021355 0.057416
3 0.162739 0.484848 0.025037 0.079745
2 0.216863 0.709729 0.025773 0.054226
3 0.193299 0.711324 0.022828 0.066986
2 0.187040 0.759968 0.030928 0.030303
2 0.200663 0.806220 0.028719 0.055821
3 0.258468 0.826954 0.032401 0.059011
1 0.267673 0.877193 0.022828 0.051037
3 0.279455 0.923445 0.024300 0.057416
2 0.337629 0.815789 0.021355 0.062201
3 0.353093 0.874801 0.027246 0.062201
2 0.372975 0.760766 0.031664 0.076555
2 0.381443 0.641946 0.025037 0.065391
1 0.414948 0.648325 0.030191 0.062201
3 0.396907 0.704944 0.019146 0.063796
2 0.420471 0.716108 0.026510 0.060606
3 0.482327 0.661085 0.032401 0.052632
2 0.447717 0.711324 0.026510 0.070175
4 0.475331 0.728868 0.022828 0.082935
3 0.440353 0.503190 0.027982 0.055821
3 0.446244 0.567783 0.023564 0.060606
2 0.490059 0.324561 0.027246 0.065391
3 0.491163 0.389155 0.030928 0.051037
4 0.486009 0.452153 0.035346 0.059011
3 0.606406 0.545455 0.033137 0.044657
2 0.550810 0.552632 0.035346 0.068581
4 0.481591 0.521531 0.022091 0.051037
4 0.498895 0.565391 0.024300 0.049442
3 0.295287 0.296651 0.041237 0.047847
2 0.289764 0.244019 0.036082 0.041467
2 0.303756 0.200159 0.027246 0.055821
3 0.346097 0.178628 0.027982 0.063796
3 0.399485 0.142743 0.030191 0.071770
2 0.382548 0.196172 0.027246 0.044657
3 0.428940 0.277512 0.031664 0.073365
1 0.417526 0.200159 0.026510 0.065391
4 0.377761 0.247209 0.030928 0.054226
4 0.342784 0.233652 0.027246 0.049442
2 0.587261 0.028708 0.025773 0.054226
2 0.562224 0.033493 0.022828 0.054226
2 0.550074 0.084530 0.023564 0.051037
3 0.580265 0.100478 0.033873 0.057416
2 0.720913 0.043062 0.027982 0.070175
2 0.870766 0.123604 0.022828 0.078150
2 0.889912 0.361244 0.024300 0.068581
3 0.869293 0.377990 0.019882 0.063796
3 0.845729 0.350877 0.021355 0.060606
3 0.833579 0.405901 0.038292 0.052632
2 0.637703 0.562998 0.023564 0.051037
2 0.617820 0.593301 0.022091 0.038278
2 0.622975 0.640351 0.030928 0.052632
3 0.666789 0.570973 0.030191 0.047847
3 0.668630 0.624402 0.030928 0.052632
3 0.731591 0.713716 0.021355 0.078150
2 0.761414 0.662679 0.033873 0.071770
3 0.702504 0.708931 0.025037 0.084530
2 0.592415 0.727273 0.037555 0.073365
2 0.534610 0.870813 0.027982 0.073365
3 0.516568 0.926635 0.027246 0.051037
4 0.507364 0.835726 0.026510 0.057416
2 0.488586 0.916268 0.027246 0.059011
3 0.574006 0.972887 0.025773 0.054226
2 0.635862 0.799043 0.021355 0.066986
2 0.641384 0.857257 0.033873 0.039872
1 0.669735 0.824561 0.025773 0.076555
2 0.696981 0.845295 0.019882 0.066986
4 0.685935 0.896332 0.022828 0.038278
3 0.748895 0.953748 0.036819 0.063796
3 0.708763 0.937799 0.028719 0.076555
3 0.693667 0.177033 0.027982 0.057416
3 0.699926 0.129187 0.033137 0.060606
2 0.814065 0.037480 0.027246 0.071770
4 0.792342 0.053429 0.022091 0.065391
3 0.840943 0.126794 0.032401 0.084530
2 0.791605 0.427432 0.039764 0.060606
3 0.772459 0.517544 0.022091 0.062201
3 0.747054 0.494418 0.024300 0.073365
2 0.807806 0.542265 0.026510 0.047847
3 0.808542 0.632376 0.030928 0.046252
2 0.794551 0.585327 0.026510 0.047847
3 0.823270 0.590112 0.023564 0.060606
3 0.982327 0.877990 0.016200 0.059011
