2 0.040501 0.123177 0.035346 0.084279
3 0.168262 0.114263 0.022828 0.063209
2 0.195508 0.126418 0.022828 0.055105
2 0.219809 0.167747 0.027246 0.056726
3 0.231959 0.127229 0.029455 0.050243
3 0.266200 0.141815 0.027246 0.040519
2 0.264728 0.252026 0.034610 0.076175
3 0.132180 0.261750 0.036082 0.069692
2 0.164948 0.510535 0.035346 0.071313
2 0.155376 0.573744 0.035346 0.061588
3 0.060383 0.739060 0.032401 0.084279
3 0.188881 0.933549 0.033137 0.081037
2 0.338365 0.829822 0.030191 0.077796
1 0.136966 0.705024 0.029455 0.064830
3 0.166789 0.705024 0.022828 0.094003
3 0.281296 0.611831 0.027982 0.056726
3 0.281296 0.535656 0.027982 0.079417
4 0.306701 0.556726 0.028719 0.063209
3 0.308910 0.621556 0.028719 0.066451
2 0.364507 0.683955 0.030928 0.074554
3 0.388071 0.682334 0.026510 0.084279
2 0.468336 0.725284 0.033873 0.079417
3 0.357879 0.425446 0.036819 0.069692
3 0.400957 0.341977 0.031664 0.084279
3 0.511414 0.477310 0.033137 0.069692
2 0.456922 0.546191 0.030191 0.064830
3 0.426362 0.527553 0.036819 0.056726
3 0.597938 0.611021 0.029455 0.058347
3 0.625552 0.425446 0.031664 0.079417
3 0.591679 0.547812 0.036082 0.055105
3 0.591311 0.048622 0.029455 0.068071
2 0.626289 0.028363 0.041973 0.053485
3 0.765832 0.483793 0.025037 0.053485
3 0.748159 0.419773 0.039764 0.074554
2 0.913476 0.598055 0.037555 0.074554
2 0.902430 0.670989 0.037555 0.081037
2 0.745950 0.931118 0.026510 0.053485
2 0.838365 0.856564 0.034610 0.053485
4 0.613402 0.699352 0.035346 0.066451
2 0.609352 0.160454 0.030191 0.068071
3 0.583211 0.125608 0.027982 0.059968
2 0.836156 0.721232 0.031664 0.081037
