2 0.207434 0.170792 0.032774 0.074257
1 0.520783 0.212871 0.034373 0.066007
2 0.533973 0.046205 0.038369 0.075908
2 0.075939 0.384488 0.044764 0.082508
3 0.352118 0.894389 0.035971 0.079208
2 0.256595 0.412541 0.036771 0.085809
2 0.215428 0.511551 0.032774 0.066007
3 0.398881 0.400990 0.041567 0.082508
3 0.269784 0.340759 0.034373 0.067657
3 0.458034 0.577558 0.035172 0.072607
2 0.529976 0.501650 0.036771 0.085809
2 0.731815 0.563531 0.037570 0.070957
3 0.714229 0.646865 0.035971 0.082508
2 0.574740 0.924092 0.035172 0.079208
1 0.301759 0.920792 0.034373 0.066007
2 0.229017 0.830858 0.035971 0.074257
2 0.312950 0.164191 0.039169 0.084158
4 0.400879 0.302805 0.037570 0.087459
3 0.487210 0.499175 0.040767 0.080858
1 0.625899 0.599835 0.038369 0.067657
1 0.637490 0.545380 0.040767 0.061056
2 0.678657 0.521452 0.035172 0.079208
4 0.844125 0.569307 0.033573 0.082508
2 0.846922 0.850660 0.037570 0.080858
3 0.956035 0.114686 0.033573 0.077558
4 0.823341 0.106436 0.036771 0.084158
1 0.225420 0.575083 0.038369 0.067657
