1 0.118934 0.874797 0.043755 0.074797
3 0.109387 0.485366 0.038982 0.076423
3 0.085919 0.644715 0.038186 0.069919
2 0.237868 0.521951 0.033413 0.065041
4 0.208831 0.591870 0.037391 0.074797
2 0.311058 0.367480 0.033413 0.071545
2 0.288385 0.572358 0.034208 0.078049
2 0.251392 0.362602 0.036595 0.065041
1 0.223946 0.323577 0.034208 0.061789
3 0.167064 0.219512 0.036595 0.071545
2 0.504375 0.235772 0.035004 0.074797
3 0.478123 0.495935 0.042959 0.078049
3 0.538186 0.464228 0.034208 0.092683
2 0.566030 0.424390 0.038982 0.068293
2 0.732299 0.160976 0.042164 0.094309
3 0.731106 0.526016 0.038186 0.069919
3 0.957836 0.627642 0.033413 0.081301
1 0.398568 0.913821 0.042959 0.068293
2 0.626094 0.960976 0.039777 0.078049
2 0.676611 0.947154 0.040573 0.073171
1 0.666269 0.872358 0.038982 0.076423
4 0.637629 0.115447 0.035800 0.084553
2 0.737470 0.752033 0.035004 0.069919
3 0.919252 0.258537 0.043755 0.074797
2 0.909308 0.136585 0.033413 0.061789
2 0.980111 0.217073 0.025457 0.076423
3 0.926810 0.089431 0.033413 0.048780
3 0.552108 0.827642 0.030231 0.065041
4 0.524662 0.829268 0.029435 0.065041
