3 0.608760 0.448105 0.031180 0.072488
2 0.416481 0.776771 0.037120 0.070840
3 0.449146 0.566722 0.031180 0.085667
2 0.354863 0.852554 0.034150 0.070840
2 0.290646 0.730643 0.033408 0.074135
1 0.211581 0.345140 0.028211 0.070840
3 0.133259 0.663921 0.034892 0.065898
2 0.255754 0.803130 0.039347 0.057661
2 0.259837 0.851730 0.054937 0.059308
1 0.887899 0.836903 0.028211 0.062603
3 0.942094 0.823723 0.035635 0.069193
3 0.780624 0.350082 0.034892 0.057661
2 0.951373 0.249588 0.031923 0.074135
0 0.651076 0.429984 0.032665 0.059308
1 0.625464 0.542834 0.034892 0.064250
2 0.553081 0.510708 0.041574 0.072488
4 0.567929 0.584020 0.032665 0.067545
3 0.518560 0.636738 0.027468 0.060956
3 0.497030 0.137562 0.034892 0.070840
2 0.481069 0.397858 0.032665 0.060956
3 0.608389 0.443987 0.025984 0.074135
2 0.951373 0.694399 0.031923 0.080725
2 0.889755 0.946458 0.025984 0.070840
3 0.312918 0.648270 0.031923 0.047776
2 0.258352 0.606260 0.035635 0.082372
3 0.896808 0.381384 0.040089 0.080725
