0 0.510646 0.773554 0.033040 0.085950
2 0.760279 0.638017 0.034508 0.085950
2 0.749266 0.263636 0.044787 0.071074
3 0.893172 0.584298 0.030103 0.090909
2 0.355727 0.678512 0.034508 0.074380
2 0.520191 0.182645 0.037445 0.071074
3 0.548825 0.215702 0.030103 0.051240
2 0.673275 0.104132 0.039648 0.076033
2 0.027166 0.135537 0.046990 0.059504
3 0.209251 0.428926 0.029369 0.084298
2 0.187959 0.579339 0.027900 0.061157
3 0.264317 0.869421 0.033774 0.082645
1 0.051762 0.504959 0.031571 0.087603
3 0.092144 0.404959 0.037445 0.099174
3 0.337739 0.182645 0.036711 0.074380
3 0.468796 0.157025 0.031571 0.092562
2 0.421806 0.139669 0.041850 0.090909
2 0.373715 0.152893 0.033774 0.084298
2 0.844714 0.406612 0.041850 0.069421
2 0.841777 0.471901 0.037445 0.057851
3 0.931718 0.328926 0.027900 0.095868
2 0.656755 0.634711 0.034508 0.069421
2 0.385830 0.866942 0.031571 0.077686
3 0.178414 0.912397 0.030837 0.052893
2 0.941263 0.052893 0.029369 0.066116
2 0.614170 0.328926 0.028634 0.049587
